5.383082151e+03
4.15255460e+02
-1.943488545235709708e+01
-2.084968846249685370e+01
-1.347732985947705941e+01
0.000000000000000000e+00
0.000000000000000000e+00
-2.367281983638197929e+01
-2.557863029310842862e+01
0.000000000000000000e+00
0.000000000000000000e+00
4.174693859337004209e-01
0.000000000000000000e+00
0.000000000000000000e+00
0.000000000000000000e+00
6.257867479e+03
0.000000000000000000e+00
0.000000000000000000e+00
0.000000000000000000e+00
0.000000000000000000e+00
0.000000000000000000e+00
0.000000000000000000e+00
0.000000000000000000e+00
0.000000000000000000e+00
