10;          ; ;00;20;04.3;  26.8;-;64;52;29; 116.4;00;17;28.8;  27.1;-;65;10;06; 116.4;308.32;-51.92;4.23
15;          ; ;00;31;25.0;   1.4;-;48;48;13;   1.8;00;29;00.6;   1.5;-;49;04;47;   1.8;311.75;-67.98;4.77
16;          ; ;00;32;60.0;   0.0;+;62;55;54;  -0.3;00;30;08.4;   0.0;+;62;39;22;  -0.3;120.84;  0.14;4.16
18;          ; ;00;36;52.9;   0.1;+;33;43;10;  -0.4;00;34;12.2;   0.1;+;33;26;40;  -0.4;119.47;-29.05;4.36
19;          ; ;00;38;33.4;  -1.7;+;29;18;42; -25.4;00;35;54.5;  -1.7;+;29;02;26; -25.4;119.57;-33.48;4.37
23;          ; ;00;43;21.2;  -0.1;-;57;27;47;   1.1;00;41;06.8;  -0.1;-;57;44;13;   1.1;305.08;-59.63;4.36
25;          ; ;00;44;43.5;   0.2;+;48;17;04;  -0.8;00;41;55.7;   0.2;+;48;00;40;  -0.8;121.78;-14.57;4.54
27;          ; ;00;47;20.3;  -0.7;+;24;16;02;  -8.3;00;44;41.0;  -0.7;+;23;59;44;  -8.3;121.74;-38.60;4.06
28;          ; ;00;48;41.0;   0.6;+;07;35;06;  -5.2;00;46;05.1;   0.6;+;07;18;48;  -5.2;121.73;-55.28;4.43
35;          ; ;00;58;36.4;   0.2;-;29;21;27;   0.4;00;56;11.9;   0.2;-;29;37;38;   0.4;268.05;-87.27;4.31
36;          ; ;01;02;56.6;  -0.5;+;07;53;24;   2.2;01;00;20.7;  -0.5;+;07;37;17;   2.2;127.89;-54.87;4.28
43;          ; ;01;11;39.6;   0.6;+;30;05;23;  -3.5;01;08;54.0;   0.6;+;29;49;29;  -3.5;128.12;-32.58;4.51
45;          ; ;01;19;28.0;   0.2;+;27;15;51;  -1.3;01;16;42.7;   0.2;+;27;00;07;  -1.3;130.56;-35.19;4.76
46;          ; ;01;25;56.0;   1.3;+;68;07;48;   2.6;01;22;22.3;   1.3;+;67;52;11;   2.6;126.15;  5.47;4.74
56;          ; ;01;41;25.9;  -0.1;+;05;29;15;   0.2;01;38;49.6;  -0.1;+;05;14;07;   0.2;145.12;-55.22;4.44
57;          ; ;01;43;39.6;   0.3;+;50;41;19;  -1.4;01;40;30.8;   0.3;+;50;26;16;  -1.4;131.32;-11.33;4.07
60;          ; ;01;45;23.6;   0.5;+;09;09;28;   4.8;01;42;45.0;   0.5;+;08;54;25;   4.9;144.61;-51.43;4.26
65;          ; ;01;53;33.3;   0.1;+;03;11;15;   2.3;01;50;57.9;   0.1;+;02;56;29;   2.3;151.64;-56.18;4.62
67;          ; ;01;53;38.8;  -0.8;-;46;18;09;  -8.7;01;51;38.6;  -0.8;-;46;32;49;  -8.7;274.35;-67.22;4.41
69;          ; ;01;54;56.1;   1.3;-;67;38;50;   7.4;01;53;39.9;   1.3;-;67;53;34;   7.4;293.93;-48.36;4.69
79;          ; ;02;17;18.9;   0.4;+;33;50;50;  -5.1;02;14;20.0;   0.4;+;33;37;01;  -5.1;142.65;-25.72;4.01
85;          ; ;02;28;09.5;   0.3;+;08;27;36;  -0.9;02;25;29.8;   0.3;+;08;14;13;  -0.9;159.69;-47.39;4.28
86;          ; ;02;26;59.1;   0.2;-;47;42;14;  -1.0;02;25;09.2;   0.2;-;47;55;39;  -0.9;267.12;-62.24;4.25
91;          ; ;02;39;29.0;   0.1;+;00;19;43;  -0.4;02;36;55.0;   0.1;+;00;06;50;  -0.4;170.76;-52.21;4.07
93;          ; ;02;44;12.0;   3.4;+;49;13;42;  -8.9;02;40;46.3;   3.4;+;49;01;06;  -8.8;141.17; -9.61;4.12
94;          ; ;02;43;27.1;   0.1;+;27;42;26;  -1.2;02;40;30.7;   0.1;+;27;29;44;  -1.2;151.29;-28.93;4.66
95;          ; ;02;39;35.4;   1.6;-;68;16;01;  -0.2;02;38;48.7;   1.6;-;68;28;51;  -0.1;288.96;-45.82;4.11
97;          ; ;02;44;07.4;  -0.1;-;13;51;31;  -1.5;02;41;44.5;  -0.1;-;14;04;10;  -1.5;191.81;-60.57;4.25
98;          ; ;02;44;56.5;   1.9;+;10;06;51;  -3.6;02;42;14.1;   1.9;+;09;54;15;  -3.5;163.25;-43.69;4.27
101;          ; ;02;49;05.4;   0.7;-;32;24;21;  15.5;02;46;59.8;   0.7;-;32;36;54;  15.6;231.79;-64.01;4.46
102;          ; ;02;51;02.3;  -0.3;-;21;00;15;  -1.9;02;48;46.2;  -0.3;-;21;12;33;  -2.0;206.80;-62.09;4.75
112;          ; ;03;09;04.0;  13.0;+;49;36;48;  -9.1;03;05;26.7;  13.0;+;49;25;26;  -8.3;144.60; -7.38;4.05
114;          ; ;03;11;37.8;   1.1;+;19;43;36;  -1.1;03;08;45.9;   1.1;+;19;32;20;  -1.0;162.60;-32.14;4.35
119;          ; ;03;19;55.7;  27.8;-;43;04;11;  72.5;03;17;55.9;  27.9;-;43;15;36;  73.9;250.75;-56.08;4.27
122;          ; ;03;29;04.1;  -0.0;+;59;56;25;  -0.4;03;25;00.1;  -0.0;+;59;46;05;  -0.4;141.50;  2.88;4.21
124;          ; ;03;30;34.5;   0.0;+;47;59;43;   2.0;03;27;02.3;   0.0;+;47;49;28;   2.0;148.48; -6.83;4.36
125;          ; ;03;30;52.4;   0.1;+;12;56;12;  -0.2;03;28;06.5;   0.1;+;12;46;00;  -0.2;172.07;-34.32;4.11
126;          ; ;03;29;22.7;   5.6;-;62;56;15;  37.2;03;28;29.9;   5.6;-;63;06;48;  37.5;278.35;-45.94;4.72
130;          ; ;03;37;05.7;  -0.0;-;40;16;29;  -3.0;03;35;17.9;  -0.0;-;40;26;16;  -3.0;244.86;-53.51;4.58
138;          ; ;03;50;21.5;   0.3;+;71;19;56;  -4.2;03;45;02.6;   0.4;+;71;10;51;  -4.2;136.31; 13.27;4.63
140;          ; ;03;46;50.9;  -1.1;-;23;14;59; -52.9;03;44;41.7;  -1.1;-;23;23;47; -53.0;217.35;-50.32;4.23
143;          ; ;03;49;27.3;  -0.4;-;36;12;01;  -5.1;03;47;34.9;  -0.4;-;36;21;02;  -5.2;237.89;-51.40;4.17
148;          ; ;03;58;57.9;   0.0;+;35;47;28;   0.0;03;55;42.8;   0.0;+;35;38;56;   0.0;160.37;-13.11;4.04
152;          ; ;04;08;39.7;   0.2;+;47;42;45;  -3.0;04;05;01.3;   0.2;+;47;34;52;  -3.0;153.65; -3.05;4.04
154;          ; ;04;11;51.9;   0.1;-;06;50;15;   8.2;04;09;25.4;   0.1;-;06;57;60;   8.2;199.32;-38.39;4.04
157;          ; ;04;16;01.6;   1.1;-;51;29;12;  18.2;04;14;42.8;   1.1;-;51;36;43;  18.3;259.83;-44.78;4.25
158;          ; ;04;20;24.6;  -0.2;+;34;34;00;  -0.5;04;17;09.5;  -0.2;+;34;26;52;  -0.6;164.47;-10.95;4.93
174;          ; ;04;42;14.7;  -0.0;+;22;57;25;  -1.6;04;39;14.4;  -0.0;+;22;51;46;  -1.6;176.64;-15.07;4.28
176;          ; ;04;45;30.1;   0.1;-;03;15;17;  -1.3;04;43;00.0;   0.1;-;03;20;41;  -1.3;200.53;-29.34;4.02
178;          ; ;04;54;03.0;  -0.0;+;66;20;34;   0.6;04;49;03.8;  -0.0;+;66;15;38;   0.6;144.07; 14.04;4.29
182;          ; ;05;03;25.1;  -0.1;+;60;26;32;  -1.6;04;58;57.6;  -0.1;+;60;22;18;  -1.6;149.57; 11.38;4.03
184;          ; ;05;03;05.7;   0.5;+;21;35;24;  -4.2;05;00;06.2;   0.5;+;21;31;13;  -4.1;180.77;-12.06;4.64
189;          ; ;05;05;30.6;  -0.4;-;57;28;22;  11.5;05;04;39.0;  -0.4;-;57;32;26;  11.5;266.03;-36.72;4.72
190;          ; ;05;09;08.8;   0.0;-;08;45;15;  -0.4;05;06;45.1;   0.0;-;08;49;00;  -0.4;209.14;-26.69;4.27
192;          ; ;05;13;25.7;  -0.2;+;38;29;04;  -7.5;05;10;00.2;  -0.1;+;38;25;38;  -7.5;168.35; -0.30;4.86
196;          ; ;05;13;45.4;   0.3;-;67;11;07;   3.6;05;13;47.4;   0.3;-;67;14;30;   3.6;277.64;-34.26;4.82
197;          ; ;05;17;29.1;   0.7;-;34;53;43; -33.7;05;15;40.8;   0.7;-;34;56;35; -33.6;238.51;-33.49;4.83
208;          ; ;05;34;49.2;   0.0;+;09;29;22;  -0.4;05;32;04.4;   0.0;+;09;27;27;  -0.4;195.40;-12.29;4.41
232;          ; ;06;07;34.3;   0.0;+;14;46;06;  -2.1;06;04;43.0;   0.0;+;14;46;34;  -2.1;194.81; -2.72;4.42
234;          ; ;06;18;50.8;   0.0;+;69;19;11; -10.7;06;13;20.4;   0.1;+;69;20;27; -10.7;145.16; 22.46;4.80
235;          ; ;06;10;17.9;  -0.0;-;54;58;07;   0.5;06;09;19.4;  -0.0;-;54;57;25;   0.5;263.30;-27.68;4.81
237;          ; ;06;19;37.4;  -0.1;+;59;00;39;   2.6;06;15;12.7;  -0.1;+;59;01;54;   2.6;155.59; 19.12;4.48
238;          ; ;06;16;33.1;  -0.0;-;35;08;26;   8.6;06;14;46.3;  -0.0;-;35;07;22;   8.6;242.35;-21.89;4.37
242;          ; ;06;24;53.9;  -0.0;+;49;17;17;  -0.1;06;21;02.9;  -0.0;+;49;18;57;  -0.1;165.35; 16.17;4.91
244;          ; ;06;23;46.1;  -0.1;+;04;35;34;   1.1;06;21;07.1;  -0.1;+;04;37;12;   1.1;205.67; -4.03;4.44
249;          ; ;06;35;03.4;   0.1;-;22;57;53;   1.6;06;32;57.6;   0.1;-;22;55;26;   1.6;231.99;-13.68;4.54
258;          ; ;06;47;51.6;  -0.1;+;02;24;44;  -1.2;06;45;15.2;  -0.1;+;02;28;06;  -1.2;210.38;  0.30;4.47
260;          ; ;07;00;04.0;   2.1;+;76;58;39;  -1.3;06;52;48.3;   2.1;+;77;02;44;  -1.2;137.55; 26.86;4.55
266;          ; ;06;54;11.4;  -0.9;-;12;02;19;  -1.3;06;51;52.0;  -0.9;-;11;58;29;  -1.4;223.98; -4.86;4.07
271;          ; ;07;03;45.5;  -0.0;-;15;37;60;  -0.8;07;01;29.7;  -0.0;-;15;33;29;  -0.8;228.25; -4.41;4.11
274;          ; ;07;11;39.3;   0.4;+;39;19;14;   0.3;07;08;13.1;   0.4;+;39;24;15;   0.4;178.27; 20.46;4.90
275;          ; ;07;12;33.6;  -1.3;-;46;45;34;  10.3;07;11;08.0;  -1.3;-;46;40;30;  10.2;257.72;-16.03;4.49
286;          ; ;07;29;06.7;   1.2;+;31;47;04;  17.6;07;25;53.9;   1.2;+;31;53;09;  17.6;187.13; 21.34;4.18
288;          ; ;07;34;03.2;  -0.3;-;22;17;46;   4.5;07;31;54.7;  -0.3;-;22;11;13;   4.5;237.50; -1.19;4.45
290;          ; ;07;37;22.1;  -0.2;-;34;58;07;   1.4;07;35;31.0;  -0.2;-;34;51;18;   1.4;248.98; -6.67;4.53
292;          ; ;07;43;00.4;  -0.5;+;58;42;37;  -5.1;07;38;47.2;  -0.5;+;58;49;47;  -5.1;158.51; 29.52;4.99
304;          ; ;07;59;44.1;  -0.4;-;03;40;47;  -0.3;07;57;14.3;  -0.4;-;03;32;31;  -0.4;224.24; 13.39;4.93
305;          ; ;08;03;31.1;  -0.2;+;27;47;39;  -4.2;08;00;27.0;  -0.2;+;27;56;10;  -4.2;193.90; 27.14;4.94
307;          ; ;08;08;27.4;  -0.6;+;51;30;24;  -0.4;08;04;42.3;  -0.6;+;51;39;10;  -0.4;167.19; 32.65;4.84
311;          ; ;08;13;20.0;  -0.1;-;15;47;18;  -0.4;08;11;02.0;  -0.1;-;15;38;11;  -0.4;236.63; 10.11;4.99
313;          ; ;08;18;33.3;  -0.9;-;36;39;34;   9.7;08;16;40.9;  -0.9;-;36;30;12;   9.7;254.78; -0.42;4.45
314;          ; ;08;22;50.1;  -0.2;+;43;11;17;  -9.6;08;19;25.1;  -0.2;+;43;21;01;  -9.6;177.39; 34.34;4.25
318;          ; ;08;20;38.5;  -4.1;-;77;29;04;   4.2;08;22;10.7;  -4.1;-;77;19;26;   3.9;290.46;-21.84;4.35
324;          ; ;08;37;38.6;  -0.1;-;42;59;21;   0.8;08;35;53.1;  -0.1;-;42;48;48;   0.8;262.05; -1.14;4.14
325;          ; ;08;40;01.5;  -0.6;-;12;28;31;  -0.2;08;37;39.3;  -0.6;-;12;17;51;  -0.2;237.40; 17.34;4.98
328;          ; ;08;46;41.8;  -0.2;+;28;45;36;  -4.2;08;43;40.5;  -0.2;+;28;56;39;  -4.2;195.88; 36.54;4.02
332;          ; ;08;50;31.9;  -1.0;-;27;42;36;   8.7;08;48;24.5;  -1.0;-;27;31;25;   8.7;251.57; 10.32;4.01
337;          ; ;08;58;29.2;   0.2;+;11;51;28;  -3.1;08;55;45.3;   0.2;+;12;03;09;  -3.1;216.51; 33.52;4.25
338;          ; ;09;02;32.7;  -0.4;+;67;37;47;   1.9;08;58;04.0;  -0.4;+;67;49;35;   1.9;146.63; 37.23;4.76
356;          ; ;09;29;14.7;  -0.2;-;35;57;05;   0.1;09;27;10.8;  -0.2;-;35;43;55;   0.1;263.39; 10.96;4.51
357;          ; ;09;34;28.9;  -1.2;+;69;49;49;   7.7;09;30;05.8;  -1.2;+;70;03;07;   7.7;142.55; 38.93;4.56
360;          ; ;09;34;13.4;   0.1;+;36;23;51;  -2.2;09;31;10.0;   0.1;+;36;37;15;  -2.2;187.61; 47.53;4.55
366;          ; ;09;44;12.1;  -0.4;-;27;46;10;   3.5;09;41;58.3;  -0.4;-;27;32;23;   3.4;259.89; 19.06;4.79
373;          ; ;09;54;52.2;  -0.3;-;19;00;34;  -3.7;09;52;30.6;  -0.3;-;18;46;18;  -3.7;255.24; 27.09;4.94
378;          ; ;10;00;12.8;  -0.2;+;08;02;39;  -2.3;09;57;34.4;  -0.2;+;08;17;06;  -2.3;230.01; 45.26;4.70
387;          ; ;10;24;07.9;  -0.1;+;65;33;59;  -2.2;10;20;33.0;  -0.1;+;65;49;13;  -2.2;143.54; 45.22;4.97
390;          ; ;10;27;53.0;  -1.0;+;36;42;26; -10.1;10;24;59.9;  -1.0;+;36;57;51; -10.2;186.29; 58.28;4.21
392;          ; ;10;27;09.1;  -0.6;-;31;04;04;   1.1;10;24;51.7;  -0.6;-;30;48;45;   1.0;269.88; 22.39;4.25
394;          ; ;10;30;37.6;  -2.1;+;55;58;50;  -3.0;10;27;26.5;  -2.1;+;56;14;16;  -3.1;154.29; 51.70;4.84
395;          ; ;10;35;05.5;  -0.8;+;75;42;47;  -0.3;10;30;54.1;  -0.8;+;75;58;18;  -0.3;133.12; 38.59;4.84
401;          ; ;10;35;28.1;  -1.4;-;78;36;28;   1.4;10;34;53.6;  -1.4;-;78;20;54;   1.4;296.28;-17.53;4.11
402;          ; ;10;39;18.4;  -0.2;-;55;36;12;   0.5;10;37;18.7;  -0.2;-;55;20;33;   0.5;284.98;  2.59;4.28
411;          ; ;10;45;46.8;  -2.0;-;80;32;25;   0.8;10;45;20.3;  -1.9;-;80;16;35;   0.8;297.73;-18.96;4.45
414;          ; ;10;56;43.1;   0.6;-;37;08;16; -12.8;10;54;23.0;   0.6;-;36;52;07; -12.8;278.86; 20.31;4.60
415;          ; ;11;00;09.3;   0.2;-;42;13;33;   0.3;10;57;51.3;   0.2;-;41;57;27;   0.3;281.86; 16.05;4.39
418;          ; ;11;05;01.0;  -2.3;+;07;20;10;  -4.7;11;02;26.3;  -2.3;+;07;36;24;  -4.7;246.14; 57.94;4.63
419;          ; ;11;05;19.9;  -1.4;-;27;17;37;  -0.4;11;02;55.2;  -1.4;-;27;01;24;  -0.5;275.68; 29.90;4.94
421;          ; ;11;11;39.5;   0.0;-;22;49;33; -10.0;11;09;11.8;   0.0;-;22;33;09; -10.0;274.78; 34.53;4.48
427;          ; ;11;21;08.2;  -0.6;+;06;01;46;  -1.2;11;18;33.5;  -0.6;+;06;18;13;  -1.2;253.36; 59.90;4.05
431;          ; ;11;24;52.9;  -0.7;-;17;41;02;   0.4;11;22;22.9;  -0.7;-;17;24;33;   0.4;275.41; 40.52;4.08
437;          ; ;11;36;56.9;   0.0;-;00;49;26;   4.3;11;34;23.3;   0.0;-;00;32;51;   4.3;267.26; 56.80;4.30
439;          ; ;11;40;12.8;  -0.3;-;34;44;41;   0.0;11;37;43.5;  -0.3;-;34;28;03;  -0.0;286.72; 25.87;4.70
443;          ; ;11;46;30.8;  -0.4;-;61;10;42;  -1.5;11;44;05.0;  -0.4;-;60;54;01;  -1.5;295.19;  0.71;4.11
446;          ; ;11;51;08.7;  -0.7;-;45;10;25;  -1.0;11;48;38.3;  -0.7;-;44;53;43;  -1.0;291.91; 16.40;4.46
450;          ; ;12;05;12.5;  -1.5;+;08;43;59;   4.6;12;02;39.7;  -1.5;+;09;00;38;   4.6;270.06; 68.60;4.12
459;          ; ;12;18;20.7;  -1.7;-;79;18;44;   1.8;12;15;22.2;  -1.7;-;79;02;05;   1.8;301.34;-16.54;4.26
470;          ; ;12;33;44.5;  -6.3;+;41;21;27;  29.2;12;31;22.3;  -6.3;+;41;37;44;  29.3;136.13; 75.31;4.26
475;          ; ;12;39;14.8;  -0.5;-;07;59;44;  -2.5;12;36;39.8;  -0.5;-;07;43;14;  -2.5;297.70; 54.75;4.66
482;          ; ;12;53;26.2;   0.5;-;40;10;44;  -2.2;12;50;39.5;   0.5;-;39;54;27;  -2.2;303.35; 22.69;4.27
489;          ; ;13;06;54.6;  -0.3;-;49;54;22;  -1.2;13;03;58.8;  -0.3;-;49;38;20;  -1.1;305.49; 12.89;4.27
490;          ; ;13;09;57.0;  -0.2;-;05;32;20;  -3.3;13;07;21.5;  -0.2;-;05;16;21;  -3.3;311.42; 57.03;4.38
492;          ; ;13;11;52.4;  -6.0;+;27;52;41;  88.2;13;09;32.5;  -6.0;+;28;07;52;  88.3; 43.50; 85.41;4.26
493;          ; ;13;15;14.9;  -0.7;-;67;53;40;  -0.8;13;11;50.0;  -0.7;-;67;37;49;  -0.8;305.18; -5.13;4.80
494;          ; ;13;17;32.5;  -1.1;+;40;34;21;   2.1;13;15;18.2;  -1.1;+;40;50;07;   2.1;102.74; 75.52;4.73
502;          ; ;13;34;47.8;   0.7;+;37;10;57;  -0.9;13;32;34.0;   0.7;+;37;26;17;  -0.9; 83.32; 76.41;4.98
506;          ; ;13;45;41.2;  -3.7;-;33;02;38; -14.6;13;42;50.3;  -3.7;-;32;47;30; -14.5;315.85; 28.46;4.23
507;          ; ;13;47;15.7;  -3.4;+;17;27;24;   4.1;13;44;53.2;  -3.4;+;17;42;19;   4.2;358.94; 73.89;4.50
510;          ; ;13;49;52.3;  -0.7;-;18;08;03;  -3.8;13;47;09.0;  -0.7;-;17;53;09;  -3.7;321.93; 42.57;4.97
511;          ; ;13;51;25.9;   0.0;+;64;43;24;  -0.2;13;49;58.3;   0.0;+;64;58;11;  -0.2;112.77; 51.21;4.65
514;          ; ;13;57;38.9;  -0.7;-;63;41;12;  -3.0;13;54;00.4;  -0.7;-;63;26;34;  -3.0;310.19; -1.75;4.71
516;          ; ;14;01;38.8;   0.1;+;01;32;40;  -2.1;13;59;06.0;   0.1;+;01;47;08;  -2.1;339.22; 59.38;4.26
522;          ; ;14;10;23.9;  -0.2;+;25;05;30;  -6.1;14;08;07.1;  -0.2;+;25;19;40;  -6.1; 30.82; 72.18;4.83
523;          ; ;14;12;53.8;   0.1;-;10;16;25;  14.0;14;10;13.5;   0.1;-;10;02;31;  14.0;333.52; 47.70;4.19
524;          ; ;14;08;50.9;  -1.0;+;77;32;51;   3.4;14;09;00.6;  -1.0;+;77;46;57;   3.4;117.67; 38.78;4.82
525;          ; ;14;16;00.9;  -0.0;-;06;00;02; -43.2;14;13;23.4;  -0.0;-;05;45;46; -43.2;337.74; 51.06;4.08
527;          ; ;14;16;23.0;  -1.8;+;46;05;18;  16.1;14;14;29.0;  -1.8;+;46;19;02;  16.2; 86.98; 64.67;4.18
528;          ; ;14;16;09.9;  -1.6;+;51;22;02;   9.2;14;14;23.7;  -1.6;+;51;35;50;   9.3; 95.24; 60.96;4.75
529;          ; ;14;20;19.5;  -0.2;-;56;23;12;  -0.9;14;16;49.0;  -0.2;-;56;09;27;  -0.9;315.05;  4.38;4.33
531;          ; ;14;25;11.8;  -2.5;+;51;51;03; -39.7;14;23;29.7;  -2.6;+;52;04;53; -39.6; 93.83; 59.65;4.05
532;          ; ;14;28;10.4;  -0.2;-;29;29;30;  -2.3;14;25;14.3;  -0.2;-;29;16;05;  -2.3;326.95; 28.83;4.97
533;          ; ;14;28;12.1;  -0.9;-;02;13;41;  -0.2;14;25;37.4;  -0.9;-;02;00;17;  -0.2;345.22; 52.51;4.81
544;          ; ;14;43;39.4;  -0.5;-;35;10;25; -18.0;14;40;35.5;  -0.5;-;34;57;35; -18.0;327.48; 22.29;4.05
554;          ; ;14;57;35.0;  -1.3;+;65;55;57;   3.2;14;56;46.9;  -1.3;+;66;07;53;   3.3;104.87; 46.53;4.60
557;          ; ;15;04;26.7;  -1.3;+;26;56;51;  -0.6;15;02;18.1;  -1.3;+;27;08;30;  -0.5; 40.32; 60.47;4.54
559;          ; ;15;12;13.3;  -0.3;-;19;47;30;  -3.9;15;09;22.0;  -0.3;-;19;36;14;  -3.9;342.69; 32.00;4.54
561;          ; ;15;17;30.8;  -1.3;-;58;48;04; -13.7;15;13;34.9;  -1.3;-;58;36;59; -13.6;320.89; -1.12;4.07
568;          ; ;15;24;29.4;  -1.2;+;37;22;38;   8.7;15;22;36.0;  -1.2;+;37;33;06;   8.8; 60.39; 56.32;4.31
574;          ; ;15;36;43.2;   0.4;-;66;19;01;  -5.5;15;32;07.2;   0.4;-;66;09;04;  -5.5;318.49; -8.57;4.11
576;          ; ;15;32;55.8;  -0.1;+;31;21;33;  -1.1;15;30;54.8;  -0.1;+;31;31;37;  -1.1; 49.68; 54.71;4.14
584;          ; ;15;48;44.4;  -0.4;+;18;08;30;  -8.8;15;46;29.3;  -0.4;+;18;17;41;  -8.8; 30.10; 48.33;4.09
590;          ; ;15;44;03.5;   0.6;+;77;47;40;  -0.1;15;45;47.9;   0.6;+;77;56;57;  -0.2;112.68; 35.66;4.32
593;          ; ;15;57;35.3;  -0.6;+;26;52;40;  -6.2;15;55;31.0;  -0.6;+;27;01;18;  -6.1; 43.65; 48.78;4.15
595;          ; ;15;57;47.4;  -1.7;+;54;44;59;  11.0;15;56;36.1;  -1.7;+;54;53;25;  11.1; 85.41; 46.50;4.95
596;          ; ;16;06;29.4;   0.0;-;45;10;24;   2.8;16;02;56.9;   0.0;-;45;02;22;   2.8;335.09;  5.17;4.72
598;          ; ;16;01;53.3;  -4.1;+;58;33;55;  33.5;16;00;56.9;  -4.1;+;58;41;54;  33.8; 90.19; 44.58;4.01
599;          ; ;16;06;35.5;  -0.1;-;36;48;08;  -2.9;16;03;18.2;  -0.1;-;36;40;05;  -2.9;340.83; 11.32;4.23
600;          ; ;16;13;28.7;  -0.0;-;54;37;50;  -2.4;16;09;31.5;  -0.0;-;54;30;12;  -2.4;329.49; -2.53;4.94
601;          ; ;16;08;46.2;  -0.2;+;44;56;06;   3.8;16;07;11.6;  -0.2;+;45;03;54;   3.8; 70.85; 47.11;4.26
604;          ; ;16;19;50.4;  -1.6;-;50;09;20;  -5.3;16;16;05.4;  -1.6;-;50;02;06;  -5.2;333.30;  0.01;4.02
610;          ; ;16;28;28.1;   3.8;-;70;05;04;  10.8;16;23;03.9;   3.8;-;69;58;29;  10.6;319.53;-14.57;4.91
612;          ; ;16;17;30.3;  -2.3;+;75;45;19;  25.2;16;18;56.4;  -2.2;+;75;52;17;  25.4;109.28; 35.33;4.95
613;          ; ;16;25;25.0;   0.3;+;14;01;60;  -5.9;16;23;06.4;   0.3;+;14;08;49;  -6.0; 29.46; 38.63;4.57
621;          ; ;16;34;06.2;  -0.1;+;42;26;13;   4.5;16;32;29.4;  -0.1;+;42;32;21;   4.6; 66.91; 42.70;4.20
624;          ; ;16;41;34.4;  -0.1;-;17;44;32;  -0.1;16;38;40.7;  -0.1;-;17;38;50;  -0.1;  0.82; 18.43;4.96
627;          ; ;16;45;17.8;   0.2;+;56;46;55;   6.6;16;44;20.7;   0.2;+;56;52;14;   6.5; 85.68; 39.53;4.85
632;          ; ;16;59;35.1;   0.0;-;53;09;38;   1.7;16;55;35.5;   0.0;-;53;05;09;   1.7;335.15; -6.59;4.06
635;          ; ;17;05;22.7;   0.3;+;12;44;27;  -1.0;17;03;03.5;   0.3;+;12;48;29;  -1.0; 32.78; 29.22;4.91
646;          ; ;17;27;21.3;   0.2;-;29;52;01; -13.9;17;24;09.6;   0.1;-;29;49;25; -13.9;357.07;  2.85;4.29
647;          ; ;17;26;37.9;  -0.6;-;05;05;12;  -4.3;17;23;58.6;  -0.6;-;05;02;38;  -4.2; 18.26; 16.27;4.54
655;          ; ;17;32;10.6;   1.7;+;55;11;03;   5.7;17;31;11.4;   1.7;+;55;13;04;   5.5; 83.03; 33.13;4.88
657;          ; ;17;32;16.0;   1.7;+;55;10;23;   5.7;17;31;16.8;   1.7;+;55;12;23;   5.5; 83.02; 33.12;4.87
664;          ; ;17;36;57.1;   0.0;+;68;45;29;  32.3;17;37;14.5;   0.1;+;68;46;53;  32.3; 99.09; 31.87;4.80
670;          ; ;17;41;56.3;   0.5;+;72;08;56; -26.7;17;42;49.4;   0.4;+;72;10;26; -26.8;102.97; 31.03;4.58
686;          ; ;18;23;13.6;   0.0;-;61;29;38;   0.3;18;18;37.3;   0.0;-;61;31;10;   0.3;333.29;-20.40;4.36
696;          ; ;18;29;11.9;   0.0;-;14;33;57;  -0.2;18;26;20.9;   0.0;-;14;35;58;  -0.2; 17.46; -1.79;4.70
697;          ; ;18;33;30.2;   0.3;-;42;18;45;  -2.2;18;29;56.0;   0.3;-;42;21;02;  -2.2;352.62;-14.80;4.64
698;          ; ;18;43;02.1;  -0.1;-;71;25;41; -15.6;18;37;12.3;  -0.1;-;71;28;28; -15.6;323.48;-24.95;4.01
702;          ; ;18;43;31.3;   0.1;-;08;16;31;   0.8;18;40;47.9;   0.1;-;08;19;35;   0.8; 24.67; -2.02;4.90
703;          ; ;18;45;39.7;  -0.1;+;20;32;47; -33.5;18;43;30.6;  -0.1;+;20;29;50; -33.5; 50.79; 10.43;4.19
707;          ; ;18;51;12.1;   1.0;+;59;23;18;   2.7;18;50;27.9;   1.0;+;59;19;36;   2.6; 89.31; 23.14;4.66
708;          ; ;18;58;27.7;   0.1;-;52;56;19;  -1.1;18;54;28.1;   0.1;-;53;00;23;  -1.1;343.57;-22.35;4.87
709;          ; ;18;56;13.2;   0.3;+;04;12;13;   3.1;18;53;44.0;   0.3;+;04;08;13;   3.1; 37.22;  0.85;4.62
712;          ; ;18;59;37.4;  -0.3;+;15;04;06;  -7.3;18;57;21.2;  -0.4;+;14;59;56;  -7.3; 47.29;  5.04;4.02
714;          ; ;18;54;23.9;   1.0;+;71;17;50;   4.4;18;55;01.0;   1.0;+;71;13;51;   4.3;102.15; 25.35;4.82
718;          ; ;19;09;28.3;   0.7;-;37;54;16;  -9.8;19;06;04.4;   0.7;-;37;59;03;  -9.9;359.54;-19.59;4.11
722;          ; ;19;17;38.1;  -0.1;-;18;57;11;  -1.4;19;14;42.6;  -0.1;-;19;02;37;  -1.4; 18.61;-14.13;4.90
724;          ; ;19;16;22.1;  -0.0;+;38;08;01;   0.4;19;14;37.9;  -0.0;+;38;02;37;   0.4; 69.90; 11.86;4.36
727;          ; ;19;21;43.6;   0.0;-;15;57;18;  -0.6;19;18;51.9;   0.0;-;16;03;02;  -0.6; 21.84;-13.77;4.61
729;          ; ;19;15;33.0;  -3.3;+;73;21;20;  10.7;19;16;31.6;  -3.2;+;73;15;48;  10.9;104.73; 24.21;4.45
735;          ; ;19;35;13.0;  -0.1;-;48;05;57;  -3.8;19;31;30.8;  -0.1;-;48;12;32;  -3.8;350.25;-26.89;4.90
736;          ; ;19;36;42.4;   0.5;-;24;53;01;  -2.1;19;33;40.0;   0.5;-;24;59;44;  -2.1; 14.68;-20.51;4.60
737;          ; ;19;36;53.5;   0.0;-;07;01;39;  -0.4;19;34;12.1;   0.0;-;07;08;25;  -0.4; 31.77;-13.29;4.95
738;          ; ;19;36;26.5;  -0.2;+;50;13;16;  25.7;19;35;06.1;  -0.2;+;50;06;16;  25.8; 82.67; 13.85;4.48
740;          ; ;19;44;16.6;   0.6;+;37;21;16;   3.5;19;42;28.4;   0.6;+;37;13;57;   3.5; 71.76;  6.60;4.89
751;          ; ;19;59;44.2;   0.1;-;35;16;35;  -2.6;19;56;29.2;   0.1;-;35;24;47;  -2.6;  5.52;-28.47;4.37
753;          ; ;20;02;39.5;   0.3;-;27;42;35;   1.7;19;59;35.2;   0.3;-;27;51;02;   1.6; 13.92;-26.93;4.58
755;          ; ;20;07;23.2;  -0.2;-;52;52;51;   0.8;20;03;33.9;  -0.2;-;53;01;33;   0.8;345.55;-32.57;4.94
758;          ; ;20;13;23.9;   0.8;+;56;34;04;   8.3;20;12;14.2;   0.8;+;56;24;51;   8.3; 91.08; 12.06;4.30
759;          ; ;20;08;53.3;   0.4;+;77;42;41;   2.4;20;10;36.7;   0.4;+;77;33;42;   2.4;110.38; 22.50;4.39
767;          ; ;20;29;34.9;   0.7;+;62;59;39;  -1.3;20;28;44.8;   0.6;+;62;49;32;  -1.4; 97.76; 13.79;4.22
768;          ; ;20;33;12.8;   0.1;+;11;18;12;  -2.2;20;30;49.5;   0.1;+;11;07;56;  -2.2; 55.42;-16.59;4.03
776;          ; ;20;44;02.3;   1.7;-;51;55;16;  -5.8;20;40;22.8;   1.7;-;52;06;04;  -5.9;346.69;-38.16;4.51
778;          ; ;20;43;27.5;  -0.1;+;15;04;28;  -4.3;20;41;07.5;  -0.1;+;14;53;39;  -4.3; 60.14;-16.55;4.43
779;          ; ;20;46;05.7;  -0.4;-;25;16;15; -15.7;20;43;08.4;  -0.4;-;25;27;07; -15.7; 20.00;-35.50;4.14
782;          ; ;20;45;21.1;  -0.8;+;57;34;47; -23.6;20;44;06.7;  -0.8;+;57;23;59; -23.6; 94.43;  9.06;4.51
791;          ; ;21;07;07.7;  -0.2;-;25;00;21;  -4.3;21;04;12.5;  -0.2;-;25;12;25;  -4.3; 21.98;-40.01;4.50
794;          ; ;21;09;35.7;   0.6;-;11;22;18;  -1.5;21;06;52.4;   0.6;-;11;34;31;  -1.5; 38.45;-35.77;4.51
801;          ; ;21;17;56.3;   0.5;-;32;10;21;  -2.6;21;14;54.7;   0.5;-;32;22;58;  -2.7; 13.20;-43.81;4.71
802;          ; ;21;20;45.6;   0.6;-;40;48;35;  -0.5;21;17;34.2;   0.6;-;41;01;20;  -0.5;  1.19;-44.95;4.82
804;          ; ;21;22;05.2;   0.7;+;19;48;16;   6.4;21;19;46.4;   0.7;+;19;35;23;   6.3; 70.05;-20.92;4.08
805;          ; ;21;26;26.6;   1.3;-;65;21;58;  79.9;21;22;20.2;   1.4;-;65;35;38;  79.8;328.16;-40.29;4.22
814;          ; ;21;44;56.8;   0.3;-;33;01;33;  -9.4;21;41;58.5;   0.3;-;33;15;18;  -9.4; 12.88;-49.55;4.34
817;          ; ;21;41;55.3;   2.4;+;71;18;41;   9.9;21;41;11.8;   2.4;+;71;04;51;   9.8;108.88; 13.82;4.56
821;          ; ;21;46;47.6;   0.0;+;49;18;34;  -0.2;21;44;56.6;   0.0;+;49;04;39;  -0.2; 94.83; -3.22;4.23
824;          ; ;21;57;55.1;   0.6;-;54;59;33;  -0.7;21;54;31.8;   0.6;-;55;13;53;  -0.7;339.11;-48.12;4.40
825;          ; ;22;03;21.6;  48.2;-;56;47;10;-253.8;21;59;33.1;  48.2;-;56;59;33;-255.8;336.19;-48.04;4.69
828;          ; ;22;06;26.2;   0.3;-;13;52;11;  -5.6;22;03;44.4;   0.3;-;14;06;47;  -5.6; 43.51;-49.37;4.27
832;          ; ;22;08;23.0;   0.6;-;32;59;19;  -3.1;22;05;28.3;   0.6;-;33;13;60;  -3.1; 13.34;-54.46;4.50
835;          ; ;22;09;59.2;  -0.1;+;33;10;42;  -2.1;22;07;45.8;  -0.1;+;32;55;56;  -2.1; 88.06;-18.54;4.29
837;          ; ;22;09;48.4;   0.7;+;72;20;28;   0.3;22;08;51.1;   0.7;+;72;05;41;   0.3;111.28; 13.23;4.79
840;          ; ;22;16;50.0;   0.8;-;07;46;60;  -2.2;22;14;11.8;   0.8;-;08;01;59;  -2.2; 53.51;-48.62;4.16
844;          ; ;22;23;33.6;  -0.1;+;52;13;45; -18.6;22;21;35.4;  -0.2;+;51;58;41; -18.6;101.25; -4.31;4.43
850;          ; ;22;35;21.4;   0.6;-;00;07;03;  -5.6;22;32;47.2;   0.6;-;00;22;33;  -5.7; 66.84;-47.61;4.02
852;          ; ;22;39;15.7;   0.0;+;39;03;01;  -0.5;22;37;00.8;   0.0;+;38;47;22;  -0.5; 96.65;-16.98;4.88
854;          ; ;22;40;39.4;   0.2;-;27;02;37;  -0.1;22;37;53.7;   0.2;-;27;18;18;  -0.1; 25.49;-60.97;4.17
861;          ; ;22;49;35.5;  -0.1;-;13;35;33;  -3.8;22;46;56.8;  -0.1;-;13;51;25;  -3.8; 52.26;-58.52;4.01
868;          ; ;23;00;52.8;  -0.7;-;52;45;15;  -1.4;22;57;56.4;  -0.7;-;53;01;22;  -1.4;334.11;-57.16;4.12
879;          ; ;23;18;49.4;   0.1;-;32;31;55;  -7.0;23;16;07.7;   0.1;-;32;48;17;  -7.0; 12.25;-69.25;4.41
880;          ; ;23;20;38.2;   0.2;+;23;44;25;  -0.8;23;18;09.5;   0.2;+;23;27;59;  -0.8; 97.51;-34.61;4.60
881;          ; ;23;25;22.8;   1.4;+;23;24;15;   3.6;23;22;52.8;   1.4;+;23;07;43;   3.6; 98.56;-35.36;4.40
882;          ; ;23;24;50.3;   0.2;+;62;16;58;  -1.2;23;22;36.4;   0.2;+;62;00;29;  -1.2;113.05;  1.08;4.98
884;          ; ;23;26;56.0;   0.6;+;01;15;20;  -9.7;23;24;22.1;   0.6;+;00;58;54;  -9.7; 83.92;-55.08;4.94
885;          ; ;23;29;09.3;   0.4;+;12;45;38;   2.7;23;26;37.4;   0.4;+;12;29;04;   2.7; 93.72;-45.39;4.55
886;          ; ;23;32;58.3;   0.7;-;37;49;06;   2.1;23;30;17.7;   0.7;-;38;05;42;   2.1;355.04;-70.36;4.37
889;          ; ;23;37;51.0;   0.7;-;45;29;33;  -1.4;23;35;09.9;   0.7;-;45;46;09;  -1.4;336.66;-66.52;4.74
891;          ; ;23;38;08.2;   0.3;+;43;16;05;  -0.1;23;35;40.6;   0.3;+;42;59;28;  -0.1;109.03;-17.62;4.29
892;          ; ;23;39;57.0;   2.5;+;05;37;35; -43.8;23;37;22.6;   2.5;+;05;21;19; -43.8; 92.46;-52.96;4.13
894;          ; ;23;42;43.3;   0.7;-;14;32;42;  -6.6;23;40;07.9;   0.7;-;14;49;17;  -6.6; 67.66;-69.64;4.49
896;          ; ;23;48;55.6;   0.8;-;28;07;49; -10.6;23;46;19.5;   0.8;-;28;24;25; -10.6; 25.18;-76.13;4.57
899;          ; ;23;54;23.0;  -0.0;+;57;29;58;  -0.2;23;51;52.5;  -0.0;+;57;13;16;  -0.2;115.30; -4.52;4.10
900;          ; ;23;58;40.4;  -0.3;-;03;33;22;  -7.2;23;56;06.8;  -0.3;-;03;50;00;  -7.2; 92.51;-63.27;4.86
902;          ; ;23;59;18.7;   1.0;+;06;51;48; -11.5;23;56;44.5;   1.0;+;06;35;11; -11.5;100.69;-53.74;4.01
903;          ; ;23;59;55.0;   0.8;-;65;34;38;  -2.4;23;57;20.0;   0.8;-;65;51;19;  -2.4;311.30;-50.71;4.50
904;          ; ;00;01;35.7;  -1.9;-;77;03;57; -17.7;23;59;03.3;  -1.9;-;77;20;30; -17.7;306.53;-39.71;4.78
905;          ; ;00;03;44.4;   0.2;-;17;20;10;  -0.9;00;01;10.8;   0.2;-;17;36;51;  -0.9; 72.10;-75.26;4.55
906;          ; ;01;08;44.7;   7.8;+;86;15;25;  -1.2;01;01;30.8;   7.3;+;85;59;24;  -1.1;123.24; 23.40;4.25
910;          ; ;09;37;05.2;  -0.8;+;81;19;35;  -1.4;09;30;07.3;  -0.8;+;81;33;01;  -1.5;130.65; 32.65;4.29
912;          ; ;16;45;58.1;   0.8;+;82;02;14;   0.6;16;51;01.1;   0.8;+;82;07;22;   0.5;115.00; 31.05;4.23
913;          ; ;17;32;12.9;   1.0;+;86;35;11;   5.6;17;48;18.7;   1.5;+;86;36;35;   5.5;119.29; 28.24;4.36
924;          ; ;22;46;03.4;  -3.0;-;81;22;54;  -0.1;22;41;04.5;  -3.1;-;81;38;41;  -0.1;308.35;-34.38;4.15
1002;          ; ;00;05;20.1;  -0.1;-;05;42;27;   8.9;00;02;46.6;  -0.1;-;05;59;14;   8.9; 93.75;-65.93;4.61
1004;          ; ;00;14;36.2;   0.7;+;20;12;24;   0.0;00;12;00.7;   0.7;+;19;55;43;   0.0;111.30;-41.83;4.80
1005;          ; ;00;18;19.7;  -0.5;+;36;47;07;  -4.1;00;15;42.5;  -0.5;+;36;30;29;  -4.1;115.59;-25.61;4.52
1015;          ; ;00;41;19.6;  -0.1;-;46;05;06;  -0.1;00;38;58.1;  -0.1;-;46;21;33;  -0.1;308.31;-70.94;4.59
1021;          ; ;00;49;48.8;   0.2;+;41;04;44;  -1.9;00;47;02.9;   0.2;+;40;48;25;  -1.9;122.60;-21.79;4.53
1022;          ; ;00;53;00.5;   0.1;-;01;08;39;  -1.7;00;50;27.1;   0.1;-;01;24;55;  -1.7;123.83;-64.01;4.77
1032;          ; ;01;11;27.2;   0.3;+;21;02;05;  -1.1;01;08;45.7;   0.3;+;20;46;10;  -1.1;129.18;-41.59;4.66
1035;          ; ;01;22;20.4;   0.3;+;45;31;44;   0.9;01;19;23.1;   0.3;+;45;16;03;   0.9;128.58;-17.00;4.88
1040;          ; ;01;27;39.4;   3.3;+;45;24;24; -10.7;01;24;39.2;   3.3;+;45;08;57; -10.6;129.57;-17.00;4.83
1045;          ; ;01;36;47.8;  -1.5;+;41;24;20; -38.2;01;33;51.2;  -1.5;+;41;09;22; -38.3;132.00;-20.67;4.09
1049;          ; ;01;42;43.5;  -0.0;-;03;41;25;  -3.2;01;40;11.7;  -0.0;-;03;56;29;  -3.2;152.75;-63.55;4.99
1051;          ; ;01;49;35.1;  -1.0;-;10;41;11;  -9.3;01;47;07.7;  -1.0;-;10;55;59;  -9.3;165.48;-68.61;4.67
1055;          ; ;02;04;29.4;   0.1;-;29;17;49;   0.8;02;02;15.0;   0.1;-;29;32;10;   0.8;224.89;-73.78;4.69
1058;          ; ;02;13;00.0;  -0.1;+;08;50;48;  -0.9;02;10;20.8;  -0.1;+;08;36;47;  -0.9;154.55;-48.95;4.37
1065;          ; ;02;21;44.9;  -0.9;-;68;39;34;   0.2;02;20;51.2;  -0.9;-;68;53;12;   0.1;291.25;-46.37;4.09
1066;          ; ;02;25;57.0;  -0.1;-;12;17;26;  -0.9;02;23;32.0;  -0.1;-;12;30;54;  -0.9;183.75;-63.35;4.89
1071;          ; ;02;32;05.2;  -0.5;-;15;14;41; -12.0;02;29;43.0;  -0.5;-;15;27;47; -12.0;191.12;-63.78;4.75
1072;          ; ;02;35;52.5;  -0.2;+;05;35;36;  -2.5;02;33;14.8;  -0.2;+;05;22;34;  -2.5;164.48;-48.67;4.86
1075;          ; ;02;40;40.0;   1.2;-;39;51;20;  -3.2;02;38;41.6;   1.2;-;40;04;07;  -3.1;249.30;-64.07;4.11
1082;          ; ;02;59;03.7;  -0.4;+;35;10;59;   0.6;02;55;57.3;  -0.4;+;34;59;03;   0.6;150.45;-20.78;4.93
1083;          ; ;02;59;42.9;   0.0;+;08;54;27;  -1.4;02;57;01.9;   0.0;+;08;42;33;  -1.4;168.21;-42.41;4.70
1085;          ; ;03;02;23.5;  -1.1;-;23;37;28;  -5.4;03;00;11.2;  -1.1;-;23;49;10;  -5.4;213.54;-60.30;4.09
1089;          ; ;03;14;54.1;  -0.2;+;21;02;40;  -7.3;03;12;01.3;  -0.2;+;20;51;38;  -7.4;162.38;-30.62;4.89
1091;          ; ;03;15;50.0;  -0.0;-;08;49;11;   4.6;03;13;24.2;  -0.0;-;09;00;15;   4.6;191.58;-51.31;4.80
1093;          ; ;03;19;21.7;   1.8;+;03;22;13;   9.2;03;16;44.2;   1.8;+;03;11;17;   9.3;178.22;-43.07;4.83
1097;          ; ;03;30;37.1;   0.1;-;05;04;30;   0.7;03;28;08.1;   0.1;-;05;14;43;   0.7;189.96;-46.18;4.73
1099;          ; ;03;33;47.3;   0.3;-;21;37;58;  -2.7;03;31;34.7;   0.3;-;21;47;58;  -2.6;213.52;-52.78;4.27
1101;          ; ;03;36;52.4;  -1.6;+;00;24;06; -48.3;03;34;19.1;  -1.5;+;00;14;40; -48.4;185.12;-41.67;4.28
1110;          ; ;03;58;44.7;   0.1;-;61;24;01;  -1.8;03;57;56.9;   0.1;-;61;32;27;  -1.8;274.02;-43.78;4.56
1112;          ; ;04;04;41.7;   0.6;+;22;04;55;  -5.9;04;01;44.1;   0.6;+;21;56;49;  -5.8;171.28;-22.15;4.36
1113;          ; ;04;06;35.0;  -0.2;+;50;21;05;  -3.6;04;02;50.9;  -0.2;+;50;13;03;  -3.6;151.63; -1.32;4.29
1117;          ; ;04;14;53.9;   0.1;+;48;24;34;  -1.8;04;11;13.0;   0.1;+;48;17;04;  -1.8;153.94; -1.82;4.14
1118;          ; ;04;15;32.1;   0.1;+;08;53;32;  -2.4;04;12;49.0;   0.1;+;08;46;07;  -2.4;184.21;-28.85;4.29
1125;          ; ;04;33;50.9;   0.7;+;14;50;40;  -2.7;04;31;00.5;   0.7;+;14;44;27;  -2.6;182.05;-21.66;4.65
1129;          ; ;04;40;33.7;  -1.3;-;41;51;50;  -7.7;04;38;56.9;  -1.3;-;41;57;30;  -7.8;246.16;-41.50;4.45
1133;          ; ;04;49;54.6;  -0.3;+;37;29;18;   4.0;04;46;32.4;  -0.3;+;37;24;07;   4.0;166.30; -4.57;4.88
1136;          ; ;04;52;32.0;   0.0;+;14;15;02;  -5.7;04;49;42.1;   0.0;+;14;10;08;  -5.7;185.43;-18.39;4.74
1140;          ; ;05;04;34.1;   0.1;+;15;24;15;  -3.4;05;01;42.6;   0.1;+;15;20;10;  -3.4;186.18;-15.35;4.68
1145;          ; ;05;19;08.5;   4.5;+;40;05;57; -66.4;05;15;37.2;   4.6;+;40;03;24; -66.1;167.68;  1.54;4.71
1146;          ; ;05;19;34.5;  -0.0;-;13;10;36;  -0.3;05;17;16.2;  -0.0;-;13;13;37;  -0.3;214.83;-26.24;4.29
1147;          ; ;05;21;45.7;  -0.0;-;00;22;57;  -0.1;05;19;12.5;  -0.0;-;00;25;49;  -0.1;202.63;-20.03;4.73
1151;          ; ;05;32;43.7;  -0.0;+;32;11;31;  -0.3;05;29;28.3;  -0.0;+;32;09;25;  -0.3;175.77; -0.61;4.76
1154;          ; ;05;44;46.4;  -0.5;-;65;44;08;   0.8;05;44;40.9;  -0.5;-;65;45;15;   0.8;275.47;-31.37;4.35
1156;          ; ;05;49;49.7;   1.0;-;56;10;00;  -7.6;05;48;55.0;   1.0;-;56;10;43;  -7.5;264.31;-30.69;4.51
1157;          ; ;05;54;50.8;  -0.2;+;55;42;25;   2.0;05;50;39.2;  -0.2;+;55;41;52;   2.0;157.33; 14.72;4.99
1158;          ; ;05;53;19.6;   0.0;+;27;36;44;  -1.2;05;50;11.0;   0.0;+;27;36;09;  -1.2;182.01;  0.77;4.58
1160;          ; ;05;57;32.2;  -0.0;-;35;16;60;   0.9;05;55;45.8;  -0.0;-;35;17;15;   0.9;241.23;-25.64;4.36
1163;          ; ;06;04;07.2;  -0.1;+;23;15;48; -10.0;06;01;04.8;  -0.1;+;23;16;05; -10.0;186.99;  0.72;4.16
1168;          ; ;06;15;22.7;  -0.6;+;29;29;53; -26.2;06;12;11.5;  -0.6;+;29;31;06; -26.3;182.73;  5.92;4.35
1173;          ; ;06;28;57.8;  -0.1;+;20;12;44;  -1.4;06;25;59.6;  -0.1;+;20;14;44;  -1.4;192.42;  4.35;4.15
1174;          ; ;06;32;54.2;  -0.0;+;07;19;59;  -0.6;06;30;12.0;  -0.0;+;07;22;16;  -0.6;204.30; -0.75;4.50
1186;          ; ;07;10;13.7;   0.0;-;04;14;14;  21.6;07;07;44.6;  -0.0;-;04;09;27;  21.6;218.85;  2.23;4.92
1187;          ; ;07;11;51.9;  -0.0;-;00;29;34;   0.5;07;09;18.6;  -0.0;-;00;24;30;   0.5;215.70;  4.32;4.15
1193;          ; ;07;29;47.8;   0.0;+;12;00;24;  -1.9;07;27;00.8;   0.0;+;12;06;42;  -1.9;206.38; 13.88;4.54
1196;          ; ;07;35;55.3;  -0.3;+;26;53;45; -10.6;07;32;50.6;  -0.3;+;27;00;31; -10.6;192.61; 21.06;4.06
1198;          ; ;07;35;39.7;   0.3;-;52;32;02;  -1.6;07;34;25.5;   0.3;-;52;25;17;  -1.6;264.77;-14.96;4.94
1200;          ; ;07;46;07.4;  -0.5;+;18;30;36;  -5.8;07;43;13.8;  -0.5;+;18;38;01;  -5.9;201.86; 20.13;4.88
1207;          ; ;07;53;29.8;  -0.3;+;26;45;57;  -3.1;07;50;26.4;  -0.3;+;26;53;49;  -3.1;194.19; 24.70;4.97
1210;          ; ;07;57;40.1;  -0.0;-;30;20;04;   0.7;07;55;40.5;  -0.0;-;30;11;56;   0.7;247.10; -0.65;4.79
1212;          ; ;07;59;52.0;  -0.0;-;18;23;57;  -3.9;07;57;37.6;  -0.0;-;18;15;39;  -3.9;237.16;  6.00;4.61
1219;          ; ;08;21;23.0;  -0.1;-;33;03;16;   0.4;08;19;24.8;  -0.1;-;32;53;40;   0.4;252.13;  2.10;4.83
1223;          ; ;08;37;39.4;  -0.4;+;05;42;13;  -0.7;08;35;00.6;  -0.4;+;05;52;46;  -0.8;220.26; 26.18;4.16
1224;          ; ;08;38;45.4;  -0.1;+;03;20;29;  -1.8;08;36;08.7;  -0.1;+;03;31;06;  -1.8;222.71; 25.31;4.44
1228;          ; ;08;43;17.1;  -0.8;+;21;28;07;  -3.9;08;40;23.7;  -0.8;+;21;38;59;  -4.0;204.17; 33.73;4.66
1233;          ; ;08;56;58.4;  -0.1;-;59;13;46;   0.7;08;55;45.0;  -0.1;-;59;02;09;   0.7;276.70; -8.90;4.92
1234;          ; ;09;00;05.4;  -0.3;-;41;15;14;   4.5;08;58;13.3;  -0.3;-;41;03;30;   4.5;263.33;  3.18;4.45
1237;          ; ;09;06;31.8;  -0.2;+;38;27;08;  -1.4;09;03;21.3;  -0.2;+;38;39;12;  -1.4;184.33; 42.14;4.56
1243;          ; ;09;21;29.6;  -0.1;-;25;57;56;  -0.8;09;19;16.7;  -0.1;-;25;45;06;  -0.8;254.81; 16.72;4.72
1244;          ; ;09;24;39.3;  -0.2;+;26;10;56;  -4.8;09;21;44.8;  -0.2;+;26;23;55;  -4.8;201.76; 44.13;4.46
1246;          ; ;09;31;56.7;  -0.6;+;11;17;59;  -8.2;09;29;15.2;  -0.6;+;11;31;20;  -8.3;221.56; 40.68;4.97
1249;          ; ;09;38;27.3;  -1.1;+;04;38;57;  -5.1;09;35;50.9;  -1.1;+;04;52;34;  -5.2;230.16; 38.88;4.68
1261;          ; ;10;05;07.5;  -0.3;-;13;03;53;   1.8;10;02;41.3;  -0.3;-;12;49;17;   1.8;252.46; 33.06;4.60
1268;          ; ;10;22;19.6;  -0.2;-;41;39;00;   5.6;10;20;10.7;  -0.2;-;41;23;52;   5.6;275.25; 13.07;4.83
1275;          ; ;10;38;43.2;   0.0;+;31;58;34;   0.8;10;35;54.7;   0.0;+;32;14;12;   0.8;195.30; 60.85;4.71
1283;          ; ;10;59;46.5;  -3.2;-;18;17;56;  13.0;10;57;20.2;  -3.2;-;18;01;56;  12.9;269.05; 37.12;4.08
1284;          ; ;11;00;33.6;   0.1;+;03;37;03;  -1.6;10;57;58.7;   0.1;+;03;53;11;  -1.6;249.69; 54.59;4.84
1292;          ; ;11;16;39.7;  -0.7;-;03;39;06;  -3.6;11;14;07.1;  -0.7;-;03;22;41;  -3.6;262.66; 51.65;4.47
1293;          ; ;11;19;07.9;  -0.5;+;38;11;08;  -6.8;11;16;24.7;  -0.5;+;38;27;37;  -6.8;177.34; 67.74;4.78
1297;          ; ;11;27;56.2;   0.1;+;02;51;22;  -1.2;11;25;22.0;   0.1;+;03;07;55;  -1.2;259.90; 58.57;4.95
1299;          ; ;11;36;40.9;  -0.4;-;09;48;08;   0.8;11;34;08.6;  -0.4;-;09;31;32;   0.8;274.25; 48.86;4.70
1301;          ; ;11;44;45.8;   0.2;-;18;21;03;  -3.0;11;42;13.5;   0.2;-;18;04;22;  -3.0;281.53; 41.73;4.73
1302;          ; ;11;45;51.6;  -0.1;+;06;31;46; -18.4;11;43;17.4;  -0.1;+;06;48;35; -18.4;262.87; 64.17;4.03
1304;          ; ;11;47;59.1;  -1.1;+;20;13;08;  -0.3;11;45;24.5;  -1.1;+;20;29;49;  -0.3;235.00; 73.93;4.53
1311;          ; ;12;00;52.4;   0.0;+;06;36;51;  -3.0;11;58;18.6;   0.0;+;06;53;35;  -3.0;270.30; 66.23;4.66
1317;          ; ;12;20;21.0;  -2.0;+;03;18;45;  -6.5;12;17;48.6;  -2.0;+;03;35;27;  -6.5;284.26; 65.05;4.96
1318;          ; ;12;22;30.3;  -0.1;+;25;50;46;  -0.9;12;19;59.6;  -0.1;+;26;07;24;  -0.9;222.50; 83.40;4.79
1323;          ; ;12;34;51.1;  -0.5;+;22;37;45;   2.1;12;32;21.7;  -0.5;+;22;54;16;   2.1;262.14; 84.14;4.81
1326;          ; ;12;41;53.1;   0.6;+;10;14;08;  -9.1;12;39;21.2;   0.6;+;10;30;39;  -9.1;294.89; 72.96;4.88
1327;          ; ;12;45;07.8;  -0.0;+;45;26;25;   1.5;12;42;47.1;  -0.0;+;45;42;48;   1.5;126.45; 71.64;4.99
1331;          ; ;12;50;41.2;  -0.2;-;33;59;58;  -2.0;12;47;58.0;  -0.2;-;33;43;38;  -2.0;302.75; 28.87;4.91
1332;          ; ;12;51;41.9;  -0.1;+;27;32;26;  -0.8;12;49;15.9;  -0.1;+;27;48;45;  -0.8;114.95; 89.58;4.94
1335;          ; ;12;54;21.2;  -0.2;-;09;32;20;  -1.5;12;51;45.0;  -0.2;-;09;16;04;  -1.5;304.14; 53.33;4.79
1344;          ; ;13;17;36.3;  -0.0;+;05;28;11;   1.3;13;15;04.7;  -0.0;+;05;43;58;   1.3;320.14; 67.46;4.80
1345;          ; ;13;18;24.3;  -7.5;-;18;18;41;-106.5;13;15;47.1;  -7.5;-;18;02;01;-106.4;311.86; 44.09;4.74
1347;          ; ;13;22;37.9;  -0.5;-;60;59;18;  -1.4;13;19;23.0;  -0.5;-;60;43;37;  -1.4;306.71;  1.65;4.53
1349;          ; ;13;28;25.8;  -1.6;+;13;46;44; -57.7;13;25;59.0;  -1.6;+;14;02;43; -57.6;337.67; 74.10;4.98
1351;          ; ;13;34;07.9;   0.3;+;03;39;32;  -2.4;13;31;35.8;   0.3;+;03;54;54;  -2.4;328.27; 64.41;4.94
1370;          ; ;14;17;59.8;   0.0;+;35;30;34;   1.6;14;15;53.0;   0.0;+;35;44;22;   1.6; 62.73; 69.76;4.81
1371;          ; ;14;19;06.6;  -0.1;-;13;22;16;   3.0;14;16;24.0;  -0.1;-;13;08;31;   3.0;333.40; 44.25;4.52
1373;          ; ;14;20;33.4;  -0.5;-;37;53;07;  -1.2;14;17;30.5;  -0.5;-;37;39;23;  -1.2;321.72; 21.71;4.05
1377;          ; ;14;26;08.2;  -0.1;-;45;13;17;  -1.3;14;22;55.0;  -0.1;-;44;59;47;  -1.3;319.92; 14.50;4.56
1379;          ; ;14;27;31.5;   0.2;+;75;41;46;   2.3;14;27;36.3;   0.2;+;75;55;06;   2.3;115.39; 39.99;4.25
1380;          ; ;14;34;40.8;   1.5;+;29;44;42;  13.2;14;32;30.2;   1.5;+;29;57;41;  13.2; 45.63; 67.20;4.46
1383;          ; ;14;43;25.4;  -0.1;+;26;31;40;  -1.7;14;41;13.5;  -0.1;+;26;44;22;  -1.7; 38.00; 65.06;4.81
1394;          ; ;15;00;58.4;  -0.4;-;08;31;08;  -0.5;14;58;17.9;  -0.4;-;08;19;18;  -0.5;348.87; 42.51;4.90
1396;          ; ;15;07;18.1;   1.4;+;24;52;09; -16.5;15;05;06.2;   1.4;+;25;03;47; -16.6; 36.45; 59.48;4.93
1399;          ; ;15;14;37.3;  -0.0;-;31;31;09;   0.1;15;11;33.2;  -0.0;-;31;20;02;   0.1;335.50; 22.15;4.91
1403;          ; ;15;23;09.4;  -0.1;-;36;51;31;  -2.3;15;19;57.2;  -0.1;-;36;40;51;  -2.3;333.84; 16.75;4.54
1409;          ; ;15;34;10.7;   2.1;-;10;03;52; -23.4;15;31;26.5;   2.1;-;09;53;40; -23.5;355.24; 35.79;4.62
1413;          ; ;15;41;56.8;  -0.3;-;19;40;44; -10.3;15;39;03.7;  -0.3;-;19;31;06; -10.3;348.94; 27.58;4.74
1414;          ; ;15;51;13.9;  -0.1;+;35;39;27; -34.7;15;49;20.8;  -0.1;+;35;48;41; -34.7; 57.02; 51.04;4.82
1416;          ; ;15;52;40.5;   4.0;+;42;27;06;  63.2;15;50;56.8;   4.0;+;42;35;26;  63.0; 67.70; 50.32;4.62
1417;          ; ;15;58;11.4;  -0.1;-;14;16;46;  -1.5;15;55;23.2;  -0.1;-;14;08;12;  -1.5;356.39; 28.63;4.88
1418;          ; ;15;59;30.3;  -0.4;-;41;44;40;  -1.8;15;56;05.5;  -0.4;-;41;36;10;  -1.8;336.44;  8.58;4.99
1423;          ; ;16;08;58.3;  -0.4;+;36;29;27;  33.3;16;07;08.5;  -0.4;+;36;37;01;  33.4; 58.40; 47.47;4.76
1427;          ; ;16;22;04.4;  -1.0;+;01;01;45;   5.0;16;19;32.3;  -1.0;+;01;08;42;   5.1; 14.78; 33.23;4.82
1431;          ; ;16;31;22.9;  -0.1;-;34;42;16;  -1.7;16;28;06.6;  -0.1;-;34;35;50;  -1.7;345.94;  9.22;4.23
1434;          ; ;16;38;44.9;  -0.5;+;48;55;42;   3.1;16;37;23.3;  -0.5;+;49;01;31;   3.1; 75.61; 41.58;4.90
1438;          ; ;16;49;50.0;   0.7;-;10;46;59;  -9.3;16;47;03.9;   0.6;-;10;41;46;  -9.3;  8.04; 20.92;4.65
1442;          ; ;16;54;00.5;  -0.3;+;10;09;55;  -3.6;16;51;38.4;  -0.3;+;10;14;47;  -3.6; 28.73; 30.66;4.38
1445;          ; ;17;01;03.6;  -0.3;-;04;13;21;  -7.5;16;58;25.3;  -0.3;-;04;08;57;  -7.5; 15.58; 22.18;4.82
1457;          ; ;17;26;22.2;  -0.0;-;24;10;31; -11.6;17;23;18.9;  -0.0;-;24;07;52; -11.6;  1.71;  6.19;4.17
1459;          ; ;17;26;30.9;   0.0;+;04;08;25;   0.7;17;24;02.0;   0.0;+;04;10;56;   0.7; 26.77; 20.75;4.34
1460;          ; ;17;30;44.3;   0.1;+;26;06;38;   1.8;17;28;43.0;   0.1;+;26;08;49;   1.8; 49.48; 28.44;4.41
1463;          ; ;17;43;25.8;  -0.7;-;21;40;60;  -4.3;17;40;25.9;  -0.7;-;21;39;38;  -4.2;  5.93;  4.21;4.87
1464;          ; ;17;47;33.6;  -0.0;-;27;49;51;  -0.9;17;44;24.7;  -0.0;-;27;48;49;  -0.9;  1.17;  0.21;4.20
1469;          ; ;18;00;03.4;  -0.0;+;16;45;03;  -1.0;17;57;49.8;  -0.0;+;16;45;08;  -1.0; 42.62; 18.72;4.67
1473;          ; ;18;11;13.8;  -0.2;-;45;57;16;  -3.7;18;07;31.1;  -0.2;-;45;57;55;  -3.7;347.50;-12.69;4.53
1476;          ; ;18;20;52.1;   0.0;+;03;22;38;   1.1;18;18;22.3;   0.0;+;03;21;11;   1.1; 32.46;  8.34;4.86
1477;          ; ;18;19;51.7;  -0.1;+;36;03;52;   4.3;18;18;06.5;  -0.1;+;36;02;27;   4.3; 63.52; 21.55;4.33
1486;          ; ;18;42;16.4;   0.1;-;09;03;09;   0.2;18;39;32.2;   0.1;-;09;06;07;   0.2; 23.83; -2.10;4.72
1488;          ; ;18;46;04.5;   0.1;+;26;39;44;   2.4;18;44;03.6;   0.1;+;26;36;27;   2.4; 56.51; 12.90;4.83
1489;          ; ;18;47;10.5;  -0.0;-;04;44;52;  -1.6;18;44;31.3;  -0.0;-;04;48;11;  -1.6; 28.22; -1.22;4.22
1491;          ; ;18;47;01.3;   0.5;+;18;10;53;  11.6;18;44;48.8;   0.5;+;18;07;28;  11.6; 48.76;  9.12;4.36
1508;          ; ;19;28;42.3;  -0.9;+;24;39;54; -10.6;19;26;37.5;  -0.9;+;24;33;45; -10.5; 58.99;  3.40;4.44
1510;          ; ;19;31;46.3;   0.0;+;34;27;11;  -0.3;19;29;54.8;   0.0;+;34;20;44;  -0.3; 67.97;  7.44;4.74
1511;          ; ;19;34;05.4;   1.5;+;07;22;44; -15.7;19;31;38.8;   1.4;+;07;16;17; -15.8; 44.41; -6.01;4.45
1513;          ; ;19;41;02.9;   0.1;+;17;28;34;  -3.2;19;38;48.2;   0.1;+;17;21;32;  -3.2; 54.10; -2.60;4.37
1517;          ; ;19;46;21.7;  -0.9;-;19;45;40;  -8.9;19;43;26.9;  -0.9;-;19;52;59;  -8.8; 20.65;-20.67;4.88
1520;          ; ;19;55;15.7;   0.1;-;41;52;06;   5.6;19;51;49.1;   0.2;-;42;00;05;   5.5;357.97;-29.11;4.13
1523;          ; ;20;01;06.0;   0.4;+;27;45;13;   0.5;19;59;02.5;   0.4;+;27;36;51;   0.5; 65.30; -1.34;4.64
1525;          ; ;20;09;25.6;   0.0;+;36;50;23;   1.4;20;07;34.2;   0.0;+;36;41;29;   1.4; 73.91;  2.04;4.93
1526;          ; ;20;14;16.6;   0.4;+;15;11;51;   5.7;20;11;57.8;   0.4;+;15;02;38;   5.7; 56.24;-10.61;4.95
1533;          ; ;20;29;39.0;   0.5;-;02;53;08;  -2.1;20;27;02.3;   0.5;-;03;03;11;  -2.1; 41.97;-23.10;4.91
1534;          ; ;20;29;23.7;   0.1;+;30;22;07;   0.0;20;27;21.1;   0.1;+;30;12;02;   0.0; 70.91; -5.04;4.01
1539;          ; ;20;38;31.3;   0.5;+;21;12;04;   0.5;20;36;17.3;   0.5;+;21;01;29;   0.5; 64.59;-12.05;4.82
1541;          ; ;20;46;39.5;  -0.2;+;16;07;27; -19.7;20;44;20.3;  -0.2;+;15;56;35; -19.7; 61.49;-16.58;4.27
1543;          ; ;20;47;44.2;   0.0;-;05;01;40;  -4.0;20;45;06.0;   0.0;-;05;12;43;  -4.0; 42.24;-28.09;4.42
1546;          ; ;20;51;49.3;  -0.0;-;26;55;09;  -0.1;20;48;50.5;  -0.0;-;27;06;27;  -0.1; 18.46;-37.18;4.11
1547;          ; ;20;52;39.2;   0.3;-;08;58;60;  -3.0;20;49;57.5;   0.3;-;09;10;20;  -3.0; 38.84;-30.98;4.73
1550;          ; ;21;01;17.5;  -0.0;-;32;15;28;   0.5;20;58;13.8;  -0.0;-;32;27;16;   0.5; 12.34;-40.34;4.67
1551;          ; ;20;59;49.6;   0.1;+;47;31;16;   0.2;20;58;07.5;   0.1;+;47;19;30;   0.2; 88.03;  0.97;4.74
1552;          ; ;21;05;56.8;   0.6;-;17;13;58;  -6.0;21;03;08.4;   0.6;-;17;25;58;  -6.0; 31.31;-37.29;4.07
1555;          ; ;21;10;20.5;   0.4;+;10;07;54; -15.3;21;07;54.6;   0.4;+;09;55;45; -15.3; 59.93;-24.76;4.69
1558;          ; ;21;17;25.0;   0.0;+;39;23;41;  -0.3;21;15;27.0;   0.0;+;39;11;03;  -0.3; 84.19; -6.87;4.23
1559;          ; ;21;17;55.1;   0.1;+;34;53;49;  -0.2;21;15;51.6;   0.1;+;34;41;10;  -0.2; 80.98;-10.05;4.43
1561;          ; ;21;22;14.8;   0.2;-;16;50;04;   0.5;21;19;27.9;   0.2;-;17;02;55;   0.4; 33.62;-40.77;4.28
1565;          ; ;21;29;56.9;   0.2;+;23;38;20;   0.4;21;27;40.9;   0.2;+;23;25;08;   0.4; 74.39;-19.70;4.57
1568;          ; ;21;33;58.9;  -0.2;+;45;35;31;  -9.4;21;32;05.9;  -0.2;+;45;22;12;  -9.4; 90.74; -4.58;4.02
1569;          ; ;21;37;45.1;   0.8;-;07;51;15;  -2.5;21;35;05.5;   0.8;-;08;04;46;  -2.5; 46.45;-40.35;4.69
1572;          ; ;21;45;26.9;  -0.0;+;61;07;15;  -0.3;21;44;00.3;  -0.0;+;60;53;22;  -0.3;102.31;  5.93;4.29
1581;          ; ;22;06;06.9;  -0.2;-;39;32;36; -12.4;22;03;06.5;  -0.2;-;39;47;08; -12.4;  2.22;-53.67;4.46
1583;          ; ;22;13;52.7;   0.3;+;39;42;54;   1.3;22;11;43.8;   0.3;+;39;27;58;   1.2; 92.76;-13.75;4.49
1585;          ; ;22;25;16.6;   0.1;+;01;22;39;   0.1;22;22;43.4;   0.1;+;01;07;23;   0.1; 66.01;-44.74;4.66
1591;          ; ;22;30;38.8;   0.0;-;10;40;41;  -3.0;22;28;00.2;   0.0;-;10;56;04;  -3.0; 52.49;-53.05;4.82
1592;          ; ;22;31;30.3;   0.5;-;32;20;46;  -1.8;22;28;40.1;   0.5;-;32;36;11;  -1.8; 14.59;-59.32;4.29
1602;          ; ;23;03;52.6;   0.1;+;03;49;12;  -1.1;23;01;19.9;   0.1;+;03;33;02;  -1.1; 78.79;-49.61;4.53
1603;          ; ;23;07;00.3;   0.1;+;09;24;34;  -1.4;23;04;29.1;   0.1;+;09;08;20;  -1.4; 84.62;-45.55;4.52
1607;          ; ;23;14;19.4;   0.3;-;06;02;56; -19.6;23;11;44.0;   0.3;-;06;19;08; -19.6; 70.94;-58.74;4.22
1608;          ; ;23;15;53.5;   2.5;-;09;05;16;  -1.6;23;13;16.4;   2.5;-;09;21;38;  -1.7; 67.07;-61.11;4.23
1609;          ; ;23;18;57.7;   0.3;-;09;36;39;  -0.2;23;16;21.7;   0.3;-;09;53;04;  -0.2; 67.31;-62.03;4.98
1614;          ; ;23;27;58.1;  -0.8;+;06;22;44;  -4.5;23;25;25.8;  -0.8;+;06;06;15;  -4.5; 88.80;-50.88;4.28
1617;          ; ;23;35;04.6;   0.4;-;42;36;54;  -0.1;23;32;23.6;   0.4;-;42;53;30;  -0.1;343.07;-68.07;4.71
1619;          ; ;23;40;24.5;   0.8;+;44;20;02;  -1.9;23;37;56.3;   0.8;+;44;03;25;  -1.9;109.77;-16.71;4.14
1620;          ; ;23;42;02.8;  -0.9;+;01;46;48; -15.5;23;39;29.7;  -0.9;+;01;30;17; -15.5; 90.14;-56.61;4.50
1622;          ; ;23;46;02.1;   0.1;+;46;25;13;  -0.5;23;43;32.9;   0.1;+;46;08;33;  -0.5;111.34;-14.97;4.95
1629;          ; ;23;57;45.5;  -0.2;+;25;08;29;  -3.3;23;55;12.4;  -0.2;+;24;51;48;  -3.3;107.85;-36.15;4.66
1630;          ; ;00;01;57.6;   0.3;-;06;00;51;  -4.1;23;59;23.8;   0.3;-;06;17;31;  -4.1; 91.58;-65.83;4.41
1649;          ; ;22;54;24.8;   6.2;+;84;20;46;   2.6;22;54;53.4;   6.0;+;84;04;43;   2.5;119.95; 22.16;4.71
